Canabrava
1
1
960
1
1	16138	0.08	1159.37	407.50
2	16140	0.58	1326.38	531.23
3	16143	0.01	365.70	256.83
4	16166	0.05	2239.65	1502.94
5	16178	0.80	1071.63	756.87
6	16418	1.24	2180.64	1561.47
7	16419	2.16	485.93	356.50
8	16420	30.14	1345.73	969.10
9	16425	28.02	1412.81	1025.44
10	16429	3.54	686.35	499.49
11	16479	2.48	194.08	114.31
12	16499	0.40	1504.23	493.19
13	16504	0.22	1483.78	860.15
14	16512	0.07	817.84	393.33
15	16521	31.57	2753.70	1837.43
16	16524	17.29	3009.60	1603.96
17	16528	12.35	380.62	222.39
18	16531	0.62	220.93	152.77
19	16536	4.02	1376.93	988.68
20	16558	11.22	1340.93	943.03
21	16561	3.17	1106.00	699.08
22	16562	0.77	389.95	287.14
23	16564	0.29	157.41	103.67
24	16568	0.38	3400.76	985.29
25	16569	5.61	995.33	701.13
26	16772	0.41	1110.19	783.28
27	16773	0.29	892.76	455.32
28	16775	5.41	598.10	434.51
29	16805	7.55	5521.50	3195.02
30	16807	0.16	156.09	105.28
31	16813	0.62	2737.00	1069.79
32	16816	3.58	878.03	612.96
33	16817	8.95	181.65	79.57
34	16820	0.62	176.24	114.69
35	16822	0.04	413.42	286.04
36	16824	7.05	406.69	267.12
37	16827	7.49	759.13	554.02
38	16828	5.31	233.07	131.19
39	16832	0.04	213.04	156.55
40	16836	0.01	330.17	224.89
41	16839	0.01	771.90	351.84
42	16858	1.19	1377.60	986.17
43	16861	0.02	442.73	296.23
44	16862	0.98	1088.39	569.08
45	16866	1.03	331.25	240.44
46	16879	15.37	2680.81	1484.60
47	16880	21.81	703.73	459.56
48	16881	0.01	217.35	161.37
49	16883	0.33	142.80	90.73
50	16966	3.96	6430.90	2980.55
51	17155	2.19	2532.10	1793.60
52	17189	0.08	2236.24	1510.25
53	17190	31.73	1153.15	806.98
54	17192	11.35	339.89	193.38
55	17195	5.86	354.68	229.00
56	17198	0.52	145.09	90.02
57	17200	15.44	1638.95	1139.04
58	17201	0.40	116.97	68.86
59	17203	0.01	70.76	40.40
60	17205	39.54	1859.33	1351.62
61	17217	8.31	137.65	37.91
62	17219	16.12	2136.28	1361.24
63	17227	2.16	524.75	384.89
64	17228	52.71	6980.65	3207.19
65	17229	30.22	475.06	246.23
66	17230	10.98	382.46	229.28
67	17232	4.46	1622.41	878.80
68	17233	0.01	211.20	156.62
69	17236	3.84	1557.38	835.73
70	17237	0.04	156.17	109.25
71	17238	2.62	1415.37	742.66
72	17240	0.22	114.62	69.53
73	17242	3.93	4232.47	822.89
74	17243	15.44	792.98	558.98
75	17246	10.37	2739.92	1295.49
76	17247	0.52	583.88	397.58
77	17248	1.92	2143.50	703.16
78	17249	0.13	833.04	414.21
79	17250	0.02	610.31	345.60
80	17251	1.22	311.43	222.66
81	17252	6.21	1393.20	886.61
82	17253	0.03	233.57	173.22
83	17254	47.63	4613.76	2723.52
84	17255	9.53	1205.28	853.53
85	17256	11.53	742.77	530.87
86	17257	11.97	2194.80	1277.29
87	17258	1.03	1775.31	599.40
88	17259	0.16	84.13	46.76
89	17260	4.93	393.33	266.94
90	17261	0.05	901.07	388.98
91	17262	26.09	1075.50	759.41
92	17267	39.21	6289.25	2680.07
93	17272	0.16	984.68	433.62
94	17281	5.36	435.54	300.50
95	17489	0.37	37.50	10.62
96	17548	23.29	1850.30	1312.80
97	17552	0.01	422.87	285.93
98	17599	18.70	1708.50	1202.93
99	17600	0.40	1286.88	496.37
100	17602	0.86	1129.59	561.03
101	17603	17.50	1759.09	1220.15
102	17604	1.39	508.65	371.91
103	17605	0.21	104.39	61.69
104	17607	2.02	933.60	598.12
105	17608	4.19	277.09	172.44
106	17609	2.74	124.43	58.98
107	17611	0.50	1231.88	516.10
108	17614	0.03	1429.89	367.31
109	17617	2.19	790.61	544.21
110	17620	0.70	914.24	512.98
111	17622	6.21	903.15	651.91
112	17637	1.47	1459.39	972.67
113	17638	2.62	1540.77	757.43
114	17640	0.98	1346.94	590.93
115	17642	2.19	2481.34	722.91
116	17932	14.50	8161.44	2408.13
117	17933	0.02	316.10	231.08
118	17940	1.47	307.82	175.82
119	17974	4.01	148.59	71.30
120	17975	9.30	2623.01	1234.48
121	17976	2.02	493.29	362.01
122	17979	15.64	1144.33	833.60
123	17981	0.60	911.66	501.60
124	17984	1.98	399.35	289.50
125	17986	0.02	84.42	50.52
126	17990	0.12	677.04	494.51
127	17992	2.02	1077.63	641.34
128	17993	5.41	1813.91	955.61
129	17998	9.18	1303.07	902.25
130	18000	0.70	768.22	477.21
131	18006	1.29	3561.95	2173.11
132	18017	1.11	442.19	325.10
133	18020	2.05	2242.06	715.58
134	18036	1.95	1248.81	672.23
135	18038	15.78	483.65	295.29
136	18041	5.56	681.91	498.51
137	18042	0.64	437.20	319.54
138	18043	0.23	609.52	387.15
139	18044	1.30	301.05	213.24
140	18221	0.12	1557.15	844.99
141	18223	0.19	1146.47	447.08
142	18281	1.98	1310.17	683.66
143	18324	4.01	1839.09	879.37
144	18325	0.70	471.98	342.52
145	18326	1.98	1341.08	687.65
146	18331	0.91	274.83	155.78
147	18332	0.22	565.63	370.33
148	18333	0.96	60.12	24.46
149	18336	1.92	623.70	449.29
150	18337	5.56	98.15	35.18
151	18348	0.22	335.42	247.55
152	18349	6.21	749.70	548.05
153	18350	15.44	3628.53	1586.83
154	18352	5.56	430.93	295.51
155	18353	1.98	1009.60	621.16
156	18354	2.09	1161.43	664.70
157	18355	5.51	1749.89	950.35
158	18356	15.24	369.90	204.43
159	18357	21.30	4307.83	1877.40
160	18358	1.98	632.97	455.70
161	18359	13.45	1597.67	1097.41
162	18360	0.73	285.66	205.85
163	18361	2.62	1104.18	677.38
164	18365	5.26	2867.04	989.83
165	18366	7.49	500.09	344.75
166	18367	0.75	192.21	126.69
167	18368	1.01	323.21	234.26
168	18369	10.13	2433.12	1253.42
169	18372	9.18	1367.86	933.86
170	18373	28.26	2926.79	1854.86
171	18374	0.17	930.74	433.75
172	18378	0.03	480.82	311.99
173	18391	0.16	187.82	132.25
174	18658	2.66	1108.54	680.29
175	18659	7.49	704.21	512.17
176	18660	1.42	219.14	142.78
177	18663	1.60	192.66	118.91
178	18664	3.93	1955.77	881.37
179	18665	1.95	1792.42	710.72
180	18721	2.78	1332.58	738.54
181	18723	1.39	1160.59	615.98
182	18724	3.33	1597.57	811.64
183	18727	9.30	1335.53	919.94
184	18729	2.78	753.31	534.76
185	18730	5.51	1292.15	832.74
186	18735	15.64	4687.45	1603.31
187	18736	1.98	124.23	62.43
188	18740	27.71	2828.97	1811.37
189	18741	2.51	414.04	298.67
190	18743	34.94	1788.90	1301.08
191	18747	5.51	501.07	355.08
192	18765	0.03	1548.75	800.50
193	19002	1.95	847.22	563.10
194	19005	0.04	351.22	253.26
195	19006	2.85	406.46	290.50
196	19034	18.59	3087.32	2077.07
197	19035	14.77	813.35	578.45
198	19037	2.05	816.10	552.65
199	19039	2.85	1509.91	770.06
200	19042	0.17	600.22	377.00
201	19070	0.24	487.22	347.40
202	19072	6.84	2497.25	1093.98
203	19073	0.79	148.56	89.87
204	19075	0.48	1548.60	510.93
205	19087	10.25	232.13	112.65
206	19114	0.08	823.25	584.89
207	19344	1.07	5788.76	2424.12
208	19416	0.04	1328.76	770.74
209	19417	1.98	482.07	353.92
210	19418	18.70	2298.75	1466.85
211	19419	1.92	1015.80	619.67
212	19427	1.43	2823.98	1227.71
213	19430	8.38	927.69	675.20
214	19432	1.92	1356.90	684.37
215	19433	1.30	538.92	391.09
216	19434	6.21	884.25	639.93
217	19436	0.01	90.42	55.87
218	19690	0.73	3436.29	2058.32
219	19692	6.21	494.10	345.88
220	19744	0.10	2331.59	1559.05
221	19745	8.95	2300.55	1185.71
222	19748	5.31	1121.80	759.47
223	19771	5.31	1661.97	925.78
224	19772	51.16	2465.22	1786.90
225	19774	5.81	93.29	32.32
226	19779	7.27	1419.84	921.81
227	19781	3.84	222.75	129.62
228	19787	0.39	740.43	540.97
229	19791	21.59	1577.07	1138.51
230	19793	0.40	119.91	71.23
231	19795	11.97	1089.00	791.73
232	19797	5.22	1362.90	848.21
233	19799	0.02	523.85	324.57
234	19801	46.44	1549.13	1095.14
235	19802	0.01	190.33	139.47
236	19803	0.01	701.40	346.55
237	20112	33.17	414.00	191.76
238	20113	3.01	574.43	420.84
239	20114	4.74	289.98	180.22
240	20115	0.01	170.70	123.71
241	20119	2.62	605.88	442.31
242	20131	20.13	1032.72	741.42
243	20135	0.05	168.80	119.55
244	20139	11.80	2245.44	1570.17
245	20144	11.97	1099.20	798.96
246	20147	0.79	202.56	134.90
247	20149	54.19	3224.67	2264.81
248	20153	4.28	1971.06	906.50
249	20154	0.25	155.42	102.84
250	20156	1.03	600.78	422.66
251	20158	1.30	593.19	423.73
252	20161	19.41	1334.16	970.75
253	20163	0.25	84.05	45.24
254	20164	3.01	413.31	295.03
255	20165	1.03	390.41	287.05
256	20167	11.35	2415.47	1299.29
257	20168	0.13	746.64	403.14
258	20170	16.60	1242.21	904.11
259	20171	0.25	242.19	175.95
260	20173	3.84	255.00	155.95
261	20174	10.13	2354.31	1242.51
262	20175	13.91	1098.44	800.42
263	20183	3.98	762.39	429.68
264	20184	19.41	1314.27	956.95
265	20185	23.07	1907.64	1343.45
266	20186	2.62	1020.03	650.71
267	20200	0.79	928.32	524.19
268	20434	5.64	3057.84	2166.21
269	20435	2.62	598.62	437.39
270	20488	0.05	2370.13	1559.51
271	20489	1.60	1807.76	672.18
272	20492	0.13	461.34	318.34
273	20493	0.40	197.61	136.09
274	20494	4.74	637.47	466.26
275	20495	11.35	1214.46	870.95
276	20496	0.05	464.81	310.58
277	20498	33.97	2483.25	1732.00
278	20500	3.41	1526.76	807.28
279	20504	31.01	1562.36	1135.31
280	20505	0.58	255.83	182.75
281	20512	19.41	442.17	249.28
282	20513	2.26	207.90	126.76
283	20537	10.86	2470.08	1666.08
284	20538	8.95	1737.23	1069.55
285	20540	11.35	2282.67	1275.75
286	20541	0.79	810.00	495.80
287	20543	0.58	594.45	405.07
288	20544	5.22	857.64	617.90
289	20545	1.92	1781.70	707.20
290	20547	3.01	409.52	292.02
291	20550	0.79	1284.72	563.07
292	20554	0.40	336.21	248.14
293	20556	2.70	537.13	393.73
294	20558	20.86	445.20	247.07
295	20561	12.61	560.88	373.20
296	20562	0.79	597.60	414.59
297	20564	3.84	1573.88	838.32
298	20566	1.60	1301.31	651.69
299	20813	0.06	1266.89	393.35
300	20816	21.88	3316.22	1802.03
301	20876	5.51	7237.20	3227.98
302	20878	26.48	1461.98	1063.42
303	20881	0.13	156.96	106.72
304	20883	4.28	592.02	432.74
305	20884	0.13	277.20	205.29
306	20885	11.35	2933.19	1356.26
307	20886	44.91	3493.15	2311.15
308	20888	16.60	435.69	252.94
309	20893	0.01	566.10	326.28
310	20905	4.08	329.40	173.16
311	20909	11.97	1608.00	1083.13
312	21263	0.17	2265.71	1542.53
313	21266	0.05	1090.32	390.25
314	21267	0.02	714.11	361.35
315	21271	62.11	12854.40	3543.95
316	21562	2.89	606.39	411.99
317	21563	0.04	787.42	379.45
318	21565	15.92	2634.42	1492.46
319	21569	0.01	107.85	70.55
320	21570	10.73	1409.04	973.38
321	21584	0.40	37.50	10.06
322	21597	9.94	2563.20	1686.03
323	21601	42.21	9255.60	2780.79
324	21605	26.09	1795.50	1292.34
325	21609	0.05	318.12	233.57
326	22016	10.39	685.34	426.18
327	22017	3.41	1458.00	796.42
328	22018	32.36	1001.64	677.37
329	22268	6.47	317.96	194.79
330	22270	9.06	1656.86	1047.17
331	22271	2.26	908.46	597.44
332	22626	1.03	1005.47	560.38
333	22627	1.30	570.24	410.23
334	22628	1.60	276.17	189.66
335	22629	1.92	338.10	239.55
336	22630	2.26	557.55	408.15
337	22631	2.62	845.79	579.84
338	22632	3.01	687.59	497.59
339	22633	3.41	293.40	190.90
340	22634	3.84	1021.88	685.90
341	22635	4.28	892.71	630.15
342	22636	4.74	270.14	163.96
343	22637	5.22	1924.86	959.27
344	22638	5.71	1488.14	900.89
345	22639	6.21	1374.30	880.07
346	22640	6.73	1646.10	977.37
347	22679	1.32	3749.87	2227.95
348	22684	3.84	718.13	521.90
349	22691	3.76	5224.95	2820.54
350	22698	0.95	1547.34	1122.52
351	22699	4.28	398.19	274.87
352	22703	31.57	4389.84	2264.22
353	22705	31.57	2500.44	1720.49
354	22706	11.97	1239.60	889.33
355	22707	30.77	7252.74	2307.17
356	22715	2.76	3667.20	2340.40
357	22723	18.70	805.50	558.04
358	22724	1.92	525.00	384.89
359	22727	1.92	158.10	89.08
360	22757	0.25	1784.70	1284.99
361	22758	33.97	3371.55	2103.14
362	22772	0.38	2390.10	1629.42
363	22996	4.43	2805.00	1998.31
364	23045	38.05	2341.13	1674.34
365	23046	3.84	403.88	282.51
366	23049	6.21	279.45	164.45
367	23059	33.17	8625.69	2374.68
368	23067	5.81	1623.75	1155.24
369	23070	1.92	1167.00	655.50
370	23071	26.09	1863.00	1333.99
371	23074	5.22	1091.16	743.77
372	23081	5.81	123.75	34.86
373	23083	6.21	937.35	672.89
374	23084	11.97	3106.80	1396.92
375	23085	1.92	1104.00	642.19
376	23086	38.05	9299.25	2583.93
377	23087	0.01	851.10	354.86
378	23112	0.25	857.70	575.38
379	23116	1.92	542.40	396.81
380	23117	0.01	380.70	264.18
381	23119	18.70	729.75	493.20
382	23379	0.01	1305.90	344.81
383	23425	3.01	1219.58	725.76
384	23436	0.09	534.75	389.40
385	23437	0.58	604.80	436.90
386	23441	8.95	1173.38	830.96
387	23445	0.01	561.60	325.31
388	23456	0.34	193.20	100.75
389	23460	2.61	1530.60	1047.46
390	23475	11.97	37.50	7.63
391	23480	0.58	660.15	432.29
392	23488	1.92	311.10	216.59
393	23493	0.09	969.75	662.56
394	23494	26.29	4630.50	2790.34
395	23502	2.61	736.20	523.89
396	23514	1.43	2941.58	1231.66
397	23515	5.22	2231.04	981.76
398	23760	1.90	2756.25	1904.66
399	23761	2.62	396.99	284.02
400	23764	0.58	144.00	88.39
401	23765	3.97	612.89	448.79
402	23850	32.52	337.59	138.41
403	23855	8.95	392.18	245.97
404	23860	3.84	219.38	127.04
405	24137	3.41	1313.22	901.54
406	24138	13.45	4010.67	1492.06
407	24146	1.42	146.28	83.09
408	24148	15.37	2947.94	1526.99
409	24178	3.62	2178.70	1333.94
410	24506	5.36	63.25	19.52
411	24507	0.62	260.60	186.24
412	24522	24.80	1911.66	1356.51
413	24554	0.33	1939.23	1384.31
414	24557	0.08	387.31	276.54
415	24559	9.06	1963.10	1131.76
416	24561	22.40	2815.06	1704.47
417	24562	0.16	41.33	17.98
418	24564	0.62	304.61	222.43
419	24565	0.01	535.70	321.09
420	24567	18.77	2247.74	1449.65
421	24569	22.48	855.32	586.75
422	24570	1.06	695.12	468.82
423	24574	3.97	3459.90	860.42
424	24575	9.01	1396.28	944.37
425	24578	0.01	675.99	346.49
426	24587	0.05	3897.39	1903.10
427	24603	1.33	379.56	277.37
428	24849	8.60	1289.48	888.39
429	24854	2.05	1523.57	710.56
430	24863	0.56	1939.48	1393.90
431	24887	0.28	2325.02	1586.95
432	24905	9.43	1457.59	963.05
433	24908	0.15	991.31	430.70
434	24909	1.39	800.72	524.65
435	24914	0.06	118.61	76.51
436	24944	0.16	1103.70	730.32
437	25271	12.45	2441.66	1759.42
438	25272	0.04	587.25	346.59
439	25330	0.16	459.77	319.84
440	25589	18.91	2085.44	1388.24
441	25591	18.13	1557.18	1112.64
442	25593	2.02	143.11	77.07
443	25626	46.61	1936.17	1403.76
444	25627	5.36	434.69	299.77
445	25629	0.01	203.01	149.59
446	25630	6.37	1933.44	1019.07
447	25633	14.04	1624.54	1117.23
448	25635	9.41	336.70	197.68
449	25683	1.17	1273.91	607.62
450	25953	0.48	2128.26	1501.79
451	25954	0.29	67.43	32.65
452	25959	0.05	1667.96	827.39
453	25962	1.63	356.69	256.91
454	25963	8.15	890.06	648.92
455	25967	14.04	2015.28	1277.94
456	25972	7.00	1144.40	795.81
457	25981	0.12	1796.91	1285.22
458	25985	1.39	652.76	457.79
459	25990	0.29	232.22	167.12
460	25997	0.41	586.87	341.22
461	26022	8.21	1242.01	859.78
462	26023	1.42	1072.26	603.15
463	26024	0.19	715.55	410.48
464	26028	2.37	251.45	162.57
465	26030	0.39	1898.53	969.36
466	26052	0.02	1083.29	371.90
467	26054	3.54	1182.44	736.66
468	26332	6.26	62.76	18.60
469	26339	0.09	633.00	463.22
470	26655	0.69	1200.48	850.67
471	26728	0.04	697.13	451.84
472	26735	2.49	6233.69	2744.53
473	26738	0.01	278.10	205.39
474	26749	1.22	67.97	27.97
475	26766	24.19	2429.66	1605.27
476	26769	15.58	2355.31	1416.81
477	26772	16.95	445.31	259.57
478	26781	65.22	1936.17	1366.80
479	27041	2.23	3243.24	2144.11
480	27042	0.05	99.00	61.03
481	27044	0.05	359.21	258.73
482	27045	3.84	619.50	453.70
483	27047	1.30	3930.12	553.81
484	27048	9.53	373.68	227.86
485	27049	0.58	74.93	35.32
486	27051	20.13	1568.58	1128.47
487	27062	4.74	2429.19	953.62
488	27064	3.41	1410.84	787.79
489	27065	0.05	331.32	242.02
490	27067	11.97	1133.40	821.90
491	27072	15.24	185.63	69.71
492	27073	3.01	1407.95	765.23
493	27074	4.28	840.84	600.65
494	27075	0.05	527.34	333.23
495	27077	0.25	168.48	113.88
496	27084	3.01	1032.24	668.06
497	27085	11.97	1469.40	1017.61
498	27086	5.71	870.00	628.29
499	27089	5.22	3359.58	971.21
500	27096	0.72	1789.32	1009.98
501	27097	6.73	60.45	17.52
502	27099	10.73	4045.86	1333.48
503	27109	59.25	1878.27	1239.23
504	27112	0.79	618.00	424.36
505	27117	1.23	1732.47	1052.12
506	27135	24.57	3431.28	1902.24
507	27137	0.58	351.23	258.90
508	27138	20.13	554.58	339.10
509	27139	0.05	180.02	128.97
510	27140	20.13	3268.20	1738.48
511	27143	0.25	300.11	221.73
512	27412	15.92	1186.80	864.43
513	27413	45.59	1708.56	1227.40
514	27414	6.73	1495.44	934.52
515	27435	0.04	2812.68	835.44
516	27437	1.60	776.91	522.42
517	27441	0.04	1562.76	812.36
518	27444	2.62	896.28	602.88
519	27453	7.27	354.24	221.70
520	27455	0.13	474.30	324.30
521	27456	0.13	236.88	173.71
522	27459	15.24	999.00	725.40
523	27460	2.26	726.71	512.77
524	27461	11.97	1347.60	952.80
525	27466	9.53	1468.26	984.47
526	27470	1.30	737.10	495.59
527	27478	0.16	42.51	12.92
528	27482	26.09	1298.70	940.02
529	27485	0.13	1021.86	425.08
530	27508	5.45	4166.72	1723.99
531	27511	2.26	1405.85	716.16
532	27802	8.19	2575.44	1642.59
533	27804	4.28	600.60	439.21
534	27805	26.09	1673.10	1212.65
535	27807	7.82	1362.74	909.85
536	27811	0.25	146.06	94.92
537	27815	23.07	1827.84	1298.40
538	27819	1.03	583.44	413.30
539	27827	51.72	8507.73	4311.88
540	27846	9.49	2016.92	1419.55
541	27847	1.03	370.77	271.94
542	27848	1.03	2314.13	579.74
543	27851	3.84	2627.25	879.37
544	27852	2.26	667.49	479.27
545	27853	0.01	439.20	289.26
546	27861	1.23	3673.53	1192.06
547	28029	6.96	1213.97	881.99
548	28052	0.34	1714.86	930.83
549	28078	10.66	585.75	247.74
550	28091	0.02	2720.79	1659.86
551	28093	0.58	260.10	186.28
552	28094	8.38	831.30	606.93
553	28125	0.01	6148.53	1842.90
554	28128	8.38	1796.73	1069.37
555	28151	5.09	2912.40	1588.18
556	28178	24.57	1145.79	821.32
557	28180	0.01	657.45	341.62
558	28187	4.08	1860.98	1240.18
559	28188	11.97	576.00	389.16
560	28189	17.29	2356.56	1457.52
561	28193	23.82	1044.81	741.24
562	28195	5.22	1586.76	906.55
563	28215	21.94	8777.85	4646.78
564	28219	32.36	1356.60	973.17
565	28472	3.55	995.40	628.18
566	28474	49.00	3929.64	2536.25
567	28475	3.41	597.96	437.98
568	28531	0.88	2700.96	1126.71
569	28532	3.41	2141.64	847.92
570	28533	5.22	955.92	675.35
571	28534	17.99	1824.27	1257.51
572	28547	4.33	559.45	407.46
573	28548	0.79	339.84	249.21
574	28552	0.58	724.28	454.53
575	28556	0.01	574.79	330.11
576	28602	0.74	2183.28	1546.78
577	28604	44.06	813.78	480.72
578	28607	2.70	2150.51	784.46
579	28610	24.57	3088.50	1827.36
580	28611	0.58	401.40	295.06
581	28613	10.79	1583.63	1054.20
582	28614	21.74	2546.32	1608.54
583	28870	2.06	589.38	313.55
584	28925	0.13	390.24	280.95
585	28926	5.22	202.44	107.90
586	28930	0.02	764.19	366.10
587	28974	3.01	2009.63	812.24
588	28978	2.44	245.10	156.64
589	29224	16.50	2903.04	2103.23
590	29234	4.51	3890.59	1628.05
591	29235	0.79	587.52	409.51
592	29263	0.37	54.34	16.18
593	29264	0.17	486.58	333.37
594	29267	26.17	1569.51	1141.41
595	29268	35.03	3067.33	2011.34
596	29269	24.72	446.98	238.66
597	29270	5.22	841.68	607.86
598	29271	2.62	524.70	384.59
599	29272	24.57	2768.34	1735.20
600	29273	13.25	1777.86	1175.01
601	29274	3.84	1437.38	814.15
602	29276	0.01	42.60	20.71
603	29278	0.79	949.92	528.32
604	29280	1.36	348.08	251.76
605	29281	0.40	195.09	133.93
606	29282	0.66	930.70	511.64
607	29284	2.26	520.70	382.01
608	29285	0.58	198.45	134.12
609	29295	2.26	1914.89	742.66
610	29346	6.06	55.69	16.30
611	29625	0.30	300.49	221.66
612	29660	10.86	2415.21	1641.30
613	29661	11.35	1524.51	1036.33
614	29662	43.30	443.90	193.04
615	29664	3.93	871.67	614.46
616	29668	8.95	2070.08	1149.45
617	29669	55.06	3264.68	2292.01
618	29670	10.92	1070.29	777.21
619	29671	0.03	50.56	25.03
620	29673	0.01	376.95	262.43
621	29675	0.15	135.24	87.97
622	29676	0.02	133.72	91.07
623	29677	0.14	56.45	27.04
624	29678	23.82	4172.40	1972.17
625	29679	0.89	356.21	261.30
626	29978	23.22	1624.46	1173.75
627	29980	0.01	260.25	193.16
628	29981	0.40	557.13	379.30
629	29982	5.96	649.15	472.75
630	30000	0.72	1947.89	1038.03
631	30009	3.84	827.25	588.53
632	30056	1.39	930.93	606.68
633	30059	2.26	239.40	153.16
634	30060	3.84	77.25	27.33
635	30316	17.48	1488.38	1066.82
636	30353	0.35	226.67	161.41
637	30394	0.25	1112.40	790.11
638	30398	7.93	211.15	104.20
639	30402	4.83	2432.50	960.54
640	30403	0.06	479.47	318.66
641	30743	33.17	2872.13	1907.51
642	30747	3.84	655.88	479.49
643	30749	0.13	194.22	138.39
644	30751	0.40	507.78	355.62
645	30756	15.49	2927.22	1953.38
646	30757	3.84	770.63	555.04
647	30758	0.79	1342.32	565.02
648	30759	0.05	363.50	261.26
649	30767	1.30	811.35	524.98
650	30770	15.24	974.03	706.43
651	30776	0.64	2026.05	1449.93
652	30778	0.01	219.90	163.30
653	30779	0.79	1338.24	564.90
654	30783	0.40	197.61	136.09
655	30788	22.04	1297.29	888.46
656	30789	6.84	502.16	349.49
657	30791	29.35	830.11	540.87
658	30792	2.37	477.65	349.54
659	30793	3.41	777.60	555.63
660	30795	4.01	4325.49	826.89
661	31058	26.09	2259.90	1551.65
662	31059	2.74	2470.62	781.31
663	31062	0.45	465.68	334.25
664	31066	5.76	1216.09	808.91
665	31067	1.92	1465.20	694.62
666	31068	39.96	2643.66	1858.82
667	31069	6.37	1003.08	712.61
668	31081	0.04	1194.12	735.58
669	31082	11.97	603.60	412.29
670	31084	1.03	927.18	543.84
671	31091	14.29	3174.35	2023.49
672	31092	0.58	408.83	300.14
673	31093	0.13	383.40	276.93
674	31095	15.92	2185.23	1373.68
675	31096	13.25	2012.85	1260.22
676	31097	42.21	4550.40	2586.05
677	31098	0.13	922.68	421.23
678	31099	1.03	483.23	352.90
679	31110	0.79	1040.64	542.72
680	31122	2.61	733.80	522.06
681	31125	17.29	2467.44	1489.49
682	31126	16.60	84.60	21.38
683	31127	0.58	1093.05	521.48
684	31128	1.92	205.80	127.46
685	31130	11.97	501.60	325.22
686	31132	0.79	840.72	504.19
687	31133	7.27	5921.28	1021.66
688	31134	8.95	173.78	74.13
689	31138	0.13	468.18	321.46
690	31140	56.21	1370.57	818.67
691	31145	2.26	462.11	338.11
692	31147	0.05	184.14	132.48
693	31149	0.79	1368.96	565.66
694	31150	0.13	580.32	364.76
695	31151	6.21	1842.75	997.90
696	31153	0.01	937.95	355.59
697	31162	2.61	1938.60	1207.44
698	31165	33.97	2929.50	1941.46
699	31167	13.25	1209.60	875.40
700	31168	1.92	2082.90	704.66
701	31169	11.97	1606.20	1082.19
702	31170	0.13	925.02	421.37
703	31204	20.20	8466.53	4504.49
704	31407	0.13	872.28	417.78
705	31427	0.17	2940.95	912.28
706	31445	1.92	559.80	408.61
707	31448	13.25	356.58	200.32
708	31450	0.01	297.30	217.93
709	31469	0.34	1414.56	863.77
710	31470	0.40	54.81	23.97
711	31474	18.70	3823.50	1741.73
712	31476	0.13	160.38	109.79
713	31477	0.08	233.76	172.31
714	31478	0.14	500.76	336.79
715	31479	31.57	4366.73	2261.15
716	31481	0.01	260.55	193.40
717	31483	0.25	310.83	229.90
718	31485	12.29	2742.68	1812.29
719	31488	1.03	759.39	493.61
720	31492	2.11	821.37	596.07
721	31493	8.95	1553.48	1008.00
722	31497	5.31	172.16	83.75
723	31499	15.24	1030.73	749.70
724	31500	29.20	1368.00	988.99
725	31501	17.29	1404.72	1014.42
726	31502	6.89	931.49	673.12
727	31505	0.66	425.04	311.64
728	31507	0.64	671.29	440.02
729	31510	8.49	405.27	259.11
730	31518	6.37	695.38	507.69
731	31523	0.13	624.78	377.68
732	31527	5.81	2025.75	1359.58
733	31529	0.13	131.04	84.85
734	31532	62.11	5653.16	3283.00
735	31533	18.06	840.35	589.54
736	31538	0.13	75.60	40.72
737	31566	36.20	2562.67	1861.35
738	31688	0.05	297.79	129.80
739	31740	4.08	1703.03	1168.80
740	31741	0.58	314.10	230.37
741	31748	0.46	2164.05	1520.75
742	31777	0.84	2218.04	1570.82
743	31786	2.95	2117.75	1538.18
744	31787	3.84	430.50	304.91
745	31820	27.64	1620.06	1178.04
746	31839	2.09	1279.20	686.39
747	31856	12.38	4386.68	2996.52
748	31858	2.44	427.31	309.77
749	31860	7.82	1206.81	837.38
750	31863	0.05	585.09	349.76
751	31866	45.30	88.65	13.89
752	31867	11.97	2434.20	1325.34
753	31868	6.89	1700.53	996.33
754	31901	5.85	168.34	55.78
755	32155	1.23	1413.72	941.54
756	32192	0.04	1033.92	680.51
757	32203	16.26	603.34	394.53
758	32216	7.87	1711.93	1031.27
759	32218	28.41	4979.21	2202.27
760	32227	0.05	38.45	17.49
761	32235	4.82	2844.04	1558.22
762	32248	1.25	2990.23	1202.55
763	32251	7.38	805.64	588.53
764	32254	0.29	263.94	193.12
765	32255	10.73	3096.24	1333.76
766	32256	1.60	404.70	295.80
767	32258	1.92	478.50	351.26
768	32533	0.02	2593.62	1621.09
769	32535	0.05	245.03	181.56
770	32536	3.84	1723.88	857.49
771	32551	0.01	2334.12	1517.32
772	32586	0.72	3131.31	1092.20
773	32588	0.25	81.32	43.24
774	32589	19.41	996.80	714.66
775	32592	0.68	777.48	478.35
776	32593	1.45	594.68	426.69
777	32596	1.60	255.36	171.95
778	32600	0.58	2031.30	1024.09
779	32602	11.97	1935.00	1206.24
780	32603	0.25	671.00	407.22
781	32605	0.01	124.20	84.22
782	32606	0.48	408.68	299.46
783	32607	2.62	1065.24	665.64
784	32609	0.48	1520.54	511.64
785	32611	0.01	141.15	98.64
786	32626	4.75	1637.01	1147.85
787	32628	59.45	7624.50	3478.26
788	32631	0.48	453.92	328.10
789	32632	0.01	256.65	190.62
790	32633	0.01	704.70	346.86
791	32640	0.01	73.05	42.76
792	32658	10.62	121.77	29.80
793	32659	0.52	411.23	301.35
794	32865	0.04	538.92	393.84
795	32868	3.84	909.00	632.80
796	32869	0.40	566.58	383.53
797	32874	25.33	1507.16	1096.76
798	32879	7.27	599.04	428.58
799	32935	5.38	790.56	547.98
800	32936	3.17	269.57	172.40
801	32937	1.48	309.13	218.58
802	32966	8.72	1161.52	822.42
803	32967	0.01	58.60	31.20
804	32968	10.13	3378.84	1305.70
805	32969	3.84	375.75	258.41
806	32970	1.92	152.40	84.76
807	32971	0.98	65.52	27.37
808	32992	5.81	1474.50	1063.44
809	32994	0.03	261.29	194.01
810	33259	0.03	2197.21	1479.54
811	33260	0.36	550.62	374.61
812	33262	22.77	1799.77	1280.68
813	33322	0.12	4089.98	1979.37
814	33326	25.18	9016.69	1952.61
815	33327	12.74	221.24	97.84
816	33331	1.85	666.76	473.59
817	33344	0.30	2201.24	967.89
818	33348	4.55	739.35	538.48
819	33359	7.38	3136.12	1135.98
820	33364	6.42	1510.27	929.96
821	33629	33.97	4822.65	2393.43
822	33633	17.57	886.45	629.48
823	33641	0.40	368.54	169.49
824	33644	0.08	187.07	133.97
825	33645	3.84	337.50	225.78
826	33650	29.20	1189.44	844.60
827	33651	0.27	327.49	242.00
828	33653	0.33	260.10	189.36
829	33655	12.10	1807.19	1165.59
830	33659	3.75	1484.28	818.88
831	33660	13.38	1078.63	785.90
832	33665	20.13	1505.40	1088.01
833	33681	0.25	1783.47	443.53
834	33691	0.02	685.46	355.35
835	33696	5.81	996.75	716.07
836	33697	19.70	449.49	254.35
837	34026	10.30	473.33	253.77
838	34027	5.91	4395.89	982.89
839	34030	10.73	1400.49	968.96
840	34032	3.25	316.48	211.76
841	34033	4.65	643.60	470.80
842	34054	6.98	2997.33	2148.53
843	34057	0.11	234.17	171.83
844	34087	2.35	459.81	292.78
845	34091	9.53	2228.04	1199.37
846	34092	23.07	666.96	423.35
847	34339	0.06	3954.82	1919.63
848	34341	0.58	320.63	235.47
849	34353	0.17	441.75	311.37
850	34379	0.01	411.59	293.64
851	34383	0.16	416.13	290.05
852	34386	0.47	254.23	182.88
853	34405	0.16	744.51	540.82
854	34407	0.79	249.12	174.49
855	34418	0.02	434.30	311.89
856	34433	0.01	1165.54	707.98
857	34441	0.04	1173.28	848.49
858	34443	0.03	314.82	230.58
859	34445	2.70	651.68	472.85
860	34700	45.08	2705.91	1921.62
861	34704	4.93	3687.49	934.13
862	34712	2.50	4003.88	2426.65
863	34744	6.42	794.81	580.12
864	34749	2.48	1350.76	723.44
865	34751	0.70	295.31	214.01
866	34756	0.54	393.61	289.46
867	34758	4.75	4099.58	1655.75
868	34759	38.38	2587.73	1818.53
869	34771	0.58	557.10	398.49
870	34774	1.25	853.60	536.73
871	34777	1.92	1439.10	692.46
872	34779	0.19	377.24	275.10
873	34780	4.74	984.15	684.38
874	34783	11.10	1404.07	975.04
875	34786	17.57	808.76	564.59
876	34791	2.55	1286.09	716.87
877	34794	0.72	472.91	325.41
878	34795	25.64	1327.59	962.77
879	34796	7.38	966.48	697.42
880	34799	21.59	1231.20	894.53
881	34800	0.62	42.18	16.54
882	34803	0.19	65.58	32.40
883	34805	1.25	295.03	208.82
884	34809	0.09	540.00	393.67
885	35005	0.84	946.00	531.89
886	35027	0.02	1961.01	1360.50
887	35075	9.31	574.87	339.84
888	35078	1.03	412.85	303.88
889	35084	12.78	2013.66	1444.82
890	35085	1.42	383.92	280.23
891	35086	28.73	829.27	541.88
892	35088	0.05	171.77	122.02
893	35097	40.21	840.41	514.30
894	35098	0.15	250.89	184.62
895	35118	11.33	3692.12	2059.39
896	35124	14.81	2758.35	1867.16
897	35127	49.86	3146.60	2194.89
898	35151	2.61	1279.80	913.68
899	35152	0.79	1977.12	554.25
900	35155	0.11	104.96	64.05
901	35189	0.16	109.20	43.82
902	35190	0.13	358.38	261.59
903	35458	14.30	1820.08	1208.93
904	35509	17.30	6612.48	3974.53
905	35510	14.84	8572.75	1402.40
906	35511	0.43	435.80	316.06
907	35512	11.85	718.79	510.25
908	35514	1.03	143.06	83.40
909	35516	3.58	1469.86	807.46
910	35518	29.20	1053.12	731.07
911	35536	1.03	238.94	163.32
912	35538	1.92	1116.90	645.11
913	35799	1.87	2319.90	1237.32
914	35800	0.79	1266.96	562.28
915	35816	0.04	1239.48	748.46
916	35826	1.98	856.58	567.99
917	35844	0.04	1162.43	839.70
918	35864	6.26	162.05	51.65
919	35865	5.41	454.97	316.96
920	35875	23.71	7943.36	3023.08
921	35879	11.35	826.61	598.67
922	35887	13.91	1711.83	1156.45
923	35898	0.30	811.24	445.95
924	35899	2.33	100.17	43.94
925	35900	6.01	669.55	488.37
926	35902	7.82	990.50	714.74
927	36171	2.40	1341.99	938.94
928	36174	3.01	404.69	287.84
929	36182	0.02	2265.02	1502.78
930	36183	16.19	1245.84	905.73
931	36184	0.27	547.47	367.50
932	36185	0.54	969.47	503.26
933	36211	0.05	83.00	48.44
934	36214	0.45	364.53	238.15
935	36218	0.04	486.65	316.67
936	36224	0.09	62.63	20.52
937	36225	10.73	1480.29	1007.59
938	36228	0.04	212.71	156.50
939	36232	7.12	5039.89	1882.73
940	36234	0.43	181.26	121.61
941	36235	8.49	955.72	694.50
942	36237	28.10	1739.03	1260.31
943	36239	0.04	228.91	169.26
944	36291	2.12	1433.14	708.54
945	36295	2.61	5554.80	1354.70
946	36517	4.75	9342.75	3136.54
947	36530	1.03	620.67	433.00
948	36534	5.91	1347.70	862.81
949	36536	0.05	742.67	377.77
950	36575	0.47	355.54	262.34
951	36579	26.86	3900.65	2048.59
952	36581	0.40	259.98	188.45
953	36599	0.07	1573.05	828.61
954	36600	0.02	1106.66	367.58
955	36616	0.05	492.03	321.12
956	36629	0.50	51.47	21.53
957	36630	20.86	772.74	522.30
958	36634	0.40	515.97	359.84
959	36636	0.27	481.98	342.14
960	36638	1.30	927.99	561.93

1	2.65	0.10	285	0.032	0.0116	0.066	6265	28.527 	1
