  SEDIMENT-YIELD ESTIMATION - SYPOME3

  * Version 3
  * SY equation based on the principle of maximum entropy
  * Program can only compute up to 1500 events
                        
  Universidade Federal do Ceara
  University of Birmingham
  Jose Carlos de Araujo, 2004
  Technische Unibversitat Berlin
  Pedro Alencar, 2019

 --------------------------------------------------------------
 Title: Canabrava           
 --------------------------------------------------------------
 Input file .....................................               defaut
 Output file ....................................               defaut
 Number of precipitation gauges .................    1
 Number of cells ................................    1
 Number of events ...............................  960
 ------------------------------------------------------------
 Precipitation gauge number .....................    1
 ------------------------------------------------------------
    i     id    date      D(mm)     Dur(min)    R(MJ.mm/ha/h)      
 ------------------------------------------------------------
    1      1  16138       0.08       1159.4       407.5
    2      2  16140       0.58       1326.4       531.2
    3      3  16143       0.01        365.7       256.8
    4      4  16166       0.05       2239.6      1502.9
    5      5  16178       0.80       1071.6       756.9
    6      6  16418       1.24       2180.6      1561.5
    7      7  16419       2.16        485.9       356.5
    8      8  16420      30.14       1345.7       969.1
    9      9  16425      28.02       1412.8      1025.4
   10     10  16429       3.54        686.3       499.5
   11     11  16479       2.48        194.1       114.3
   12     12  16499       0.40       1504.2       493.2
   13     13  16504       0.22       1483.8       860.2
   14     14  16512       0.07        817.8       393.3
   15     15  16521      31.57       2753.7      1837.4
   16     16  16524      17.29       3009.6      1604.0
   17     17  16528      12.35        380.6       222.4
   18     18  16531       0.62        220.9       152.8
   19     19  16536       4.02       1376.9       988.7
   20     20  16558      11.22       1340.9       943.0
   21     21  16561       3.17       1106.0       699.1
   22     22  16562       0.77        390.0       287.1
   23     23  16564       0.29        157.4       103.7
   24     24  16568       0.38       3400.8       985.3
   25     25  16569       5.61        995.3       701.1
   26     26  16772       0.41       1110.2       783.3
   27     27  16773       0.29        892.8       455.3
   28     28  16775       5.41        598.1       434.5
   29     29  16805       7.55       5521.5      3195.0
   30     30  16807       0.16        156.1       105.3
   31     31  16813       0.62       2737.0      1069.8
   32     32  16816       3.58        878.0       613.0
   33     33  16817       8.95        181.6        79.6
   34     34  16820       0.62        176.2       114.7
   35     35  16822       0.04        413.4       286.0
   36     36  16824       7.05        406.7       267.1
   37     37  16827       7.49        759.1       554.0
   38     38  16828       5.31        233.1       131.2
   39     39  16832       0.04        213.0       156.6
   40     40  16836       0.01        330.2       224.9
   41     41  16839       0.01        771.9       351.8
   42     42  16858       1.19       1377.6       986.2
   43     43  16861       0.02        442.7       296.2
   44     44  16862       0.98       1088.4       569.1
   45     45  16866       1.03        331.2       240.4
   46     46  16879      15.37       2680.8      1484.6
   47     47  16880      21.81        703.7       459.6
   48     48  16881       0.01        217.4       161.4
   49     49  16883       0.33        142.8        90.7
   50     50  16966       3.96       6430.9      2980.6
   51     51  17155       2.19       2532.1      1793.6
   52     52  17189       0.08       2236.2      1510.2
   53     53  17190      31.73       1153.2       807.0
   54     54  17192      11.35        339.9       193.4
   55     55  17195       5.86        354.7       229.0
   56     56  17198       0.52        145.1        90.0
   57     57  17200      15.44       1638.9      1139.0
   58     58  17201       0.40        117.0        68.9
   59     59  17203       0.01         70.8        40.4
   60     60  17205      39.54       1859.3      1351.6
   61     61  17217       8.31        137.6        37.9
   62     62  17219      16.12       2136.3      1361.2
   63     63  17227       2.16        524.8       384.9
   64     64  17228      52.71       6980.6      3207.2
   65     65  17229      30.22        475.1       246.2
   66     66  17230      10.98        382.5       229.3
   67     67  17232       4.46       1622.4       878.8
   68     68  17233       0.01        211.2       156.6
   69     69  17236       3.84       1557.4       835.7
   70     70  17237       0.04        156.2       109.2
   71     71  17238       2.62       1415.4       742.7
   72     72  17240       0.22        114.6        69.5
   73     73  17242       3.93       4232.5       822.9
   74     74  17243      15.44        793.0       559.0
   75     75  17246      10.37       2739.9      1295.5
   76     76  17247       0.52        583.9       397.6
   77     77  17248       1.92       2143.5       703.2
   78     78  17249       0.13        833.0       414.2
   79     79  17250       0.02        610.3       345.6
   80     80  17251       1.22        311.4       222.7
   81     81  17252       6.21       1393.2       886.6
   82     82  17253       0.03        233.6       173.2
   83     83  17254      47.63       4613.8      2723.5
   84     84  17255       9.53       1205.3       853.5
   85     85  17256      11.53        742.8       530.9
   86     86  17257      11.97       2194.8      1277.3
   87     87  17258       1.03       1775.3       599.4
   88     88  17259       0.16         84.1        46.8
   89     89  17260       4.93        393.3       266.9
   90     90  17261       0.05        901.1       389.0
   91     91  17262      26.09       1075.5       759.4
   92     92  17267      39.21       6289.2      2680.1
   93     93  17272       0.16        984.7       433.6
   94     94  17281       5.36        435.5       300.5
   95     95  17489       0.37         37.5        10.6
   96     96  17548      23.29       1850.3      1312.8
   97     97  17552       0.01        422.9       285.9
   98     98  17599      18.70       1708.5      1202.9
   99     99  17600       0.40       1286.9       496.4
  100    100  17602       0.86       1129.6       561.0
  101    101  17603      17.50       1759.1      1220.2
  102    102  17604       1.39        508.6       371.9
  103    103  17605       0.21        104.4        61.7
  104    104  17607       2.02        933.6       598.1
  105    105  17608       4.19        277.1       172.4
  106    106  17609       2.74        124.4        59.0
  107    107  17611       0.50       1231.9       516.1
  108    108  17614       0.03       1429.9       367.3
  109    109  17617       2.19        790.6       544.2
  110    110  17620       0.70        914.2       513.0
  111    111  17622       6.21        903.2       651.9
  112    112  17637       1.47       1459.4       972.7
  113    113  17638       2.62       1540.8       757.4
  114    114  17640       0.98       1346.9       590.9
  115    115  17642       2.19       2481.3       722.9
  116    116  17932      14.50       8161.4      2408.1
  117    117  17933       0.02        316.1       231.1
  118    118  17940       1.47        307.8       175.8
  119    119  17974       4.01        148.6        71.3
  120    120  17975       9.30       2623.0      1234.5
  121    121  17976       2.02        493.3       362.0
  122    122  17979      15.64       1144.3       833.6
  123    123  17981       0.60        911.7       501.6
  124    124  17984       1.98        399.4       289.5
  125    125  17986       0.02         84.4        50.5
  126    126  17990       0.12        677.0       494.5
  127    127  17992       2.02       1077.6       641.3
  128    128  17993       5.41       1813.9       955.6
  129    129  17998       9.18       1303.1       902.2
  130    130  18000       0.70        768.2       477.2
  131    131  18006       1.29       3561.9      2173.1
  132    132  18017       1.11        442.2       325.1
  133    133  18020       2.05       2242.1       715.6
  134    134  18036       1.95       1248.8       672.2
  135    135  18038      15.78        483.6       295.3
  136    136  18041       5.56        681.9       498.5
  137    137  18042       0.64        437.2       319.5
  138    138  18043       0.23        609.5       387.1
  139    139  18044       1.30        301.0       213.2
  140    140  18221       0.12       1557.2       845.0
  141    141  18223       0.19       1146.5       447.1
  142    142  18281       1.98       1310.2       683.7
  143    143  18324       4.01       1839.1       879.4
  144    144  18325       0.70        472.0       342.5
  145    145  18326       1.98       1341.1       687.7
  146    146  18331       0.91        274.8       155.8
  147    147  18332       0.22        565.6       370.3
  148    148  18333       0.96         60.1        24.5
  149    149  18336       1.92        623.7       449.3
  150    150  18337       5.56         98.2        35.2
  151    151  18348       0.22        335.4       247.6
  152    152  18349       6.21        749.7       548.0
  153    153  18350      15.44       3628.5      1586.8
  154    154  18352       5.56        430.9       295.5
  155    155  18353       1.98       1009.6       621.2
  156    156  18354       2.09       1161.4       664.7
  157    157  18355       5.51       1749.9       950.3
  158    158  18356      15.24        369.9       204.4
  159    159  18357      21.30       4307.8      1877.4
  160    160  18358       1.98        633.0       455.7
  161    161  18359      13.45       1597.7      1097.4
  162    162  18360       0.73        285.7       205.9
  163    163  18361       2.62       1104.2       677.4
  164    164  18365       5.26       2867.0       989.8
  165    165  18366       7.49        500.1       344.8
  166    166  18367       0.75        192.2       126.7
  167    167  18368       1.01        323.2       234.3
  168    168  18369      10.13       2433.1      1253.4
  169    169  18372       9.18       1367.9       933.9
  170    170  18373      28.26       2926.8      1854.9
  171    171  18374       0.17        930.7       433.8
  172    172  18378       0.03        480.8       312.0
  173    173  18391       0.16        187.8       132.2
  174    174  18658       2.66       1108.5       680.3
  175    175  18659       7.49        704.2       512.2
  176    176  18660       1.42        219.1       142.8
  177    177  18663       1.60        192.7       118.9
  178    178  18664       3.93       1955.8       881.4
  179    179  18665       1.95       1792.4       710.7
  180    180  18721       2.78       1332.6       738.5
  181    181  18723       1.39       1160.6       616.0
  182    182  18724       3.33       1597.6       811.6
  183    183  18727       9.30       1335.5       919.9
  184    184  18729       2.78        753.3       534.8
  185    185  18730       5.51       1292.2       832.7
  186    186  18735      15.64       4687.5      1603.3
  187    187  18736       1.98        124.2        62.4
  188    188  18740      27.71       2829.0      1811.4
  189    189  18741       2.51        414.0       298.7
  190    190  18743      34.94       1788.9      1301.1
  191    191  18747       5.51        501.1       355.1
  192    192  18765       0.03       1548.8       800.5
  193    193  19002       1.95        847.2       563.1
  194    194  19005       0.04        351.2       253.3
  195    195  19006       2.85        406.5       290.5
  196    196  19034      18.59       3087.3      2077.1
  197    197  19035      14.77        813.3       578.5
  198    198  19037       2.05        816.1       552.7
  199    199  19039       2.85       1509.9       770.1
  200    200  19042       0.17        600.2       377.0
  201    201  19070       0.24        487.2       347.4
  202    202  19072       6.84       2497.2      1094.0
  203    203  19073       0.79        148.6        89.9
  204    204  19075       0.48       1548.6       510.9
  205    205  19087      10.25        232.1       112.7
  206    206  19114       0.08        823.2       584.9
  207    207  19344       1.07       5788.8      2424.1
  208    208  19416       0.04       1328.8       770.7
  209    209  19417       1.98        482.1       353.9
  210    210  19418      18.70       2298.8      1466.8
  211    211  19419       1.92       1015.8       619.7
  212    212  19427       1.43       2824.0      1227.7
  213    213  19430       8.38        927.7       675.2
  214    214  19432       1.92       1356.9       684.4
  215    215  19433       1.30        538.9       391.1
  216    216  19434       6.21        884.2       639.9
  217    217  19436       0.01         90.4        55.9
  218    218  19690       0.73       3436.3      2058.3
  219    219  19692       6.21        494.1       345.9
  220    220  19744       0.10       2331.6      1559.1
  221    221  19745       8.95       2300.6      1185.7
  222    222  19748       5.31       1121.8       759.5
  223    223  19771       5.31       1662.0       925.8
  224    224  19772      51.16       2465.2      1786.9
  225    225  19774       5.81         93.3        32.3
  226    226  19779       7.27       1419.8       921.8
  227    227  19781       3.84        222.8       129.6
  228    228  19787       0.39        740.4       541.0
  229    229  19791      21.59       1577.1      1138.5
  230    230  19793       0.40        119.9        71.2
  231    231  19795      11.97       1089.0       791.7
  232    232  19797       5.22       1362.9       848.2
  233    233  19799       0.02        523.8       324.6
  234    234  19801      46.44       1549.1      1095.1
  235    235  19802       0.01        190.3       139.5
  236    236  19803       0.01        701.4       346.5
  237    237  20112      33.17        414.0       191.8
  238    238  20113       3.01        574.4       420.8
  239    239  20114       4.74        290.0       180.2
  240    240  20115       0.01        170.7       123.7
  241    241  20119       2.62        605.9       442.3
  242    242  20131      20.13       1032.7       741.4
  243    243  20135       0.05        168.8       119.6
  244    244  20139      11.80       2245.4      1570.2
  245    245  20144      11.97       1099.2       799.0
  246    246  20147       0.79        202.6       134.9
  247    247  20149      54.19       3224.7      2264.8
  248    248  20153       4.28       1971.1       906.5
  249    249  20154       0.25        155.4       102.8
  250    250  20156       1.03        600.8       422.7
  251    251  20158       1.30        593.2       423.7
  252    252  20161      19.41       1334.2       970.8
  253    253  20163       0.25         84.1        45.2
  254    254  20164       3.01        413.3       295.0
  255    255  20165       1.03        390.4       287.0
  256    256  20167      11.35       2415.5      1299.3
  257    257  20168       0.13        746.6       403.1
  258    258  20170      16.60       1242.2       904.1
  259    259  20171       0.25        242.2       175.9
  260    260  20173       3.84        255.0       155.9
  261    261  20174      10.13       2354.3      1242.5
  262    262  20175      13.91       1098.4       800.4
  263    263  20183       3.98        762.4       429.7
  264    264  20184      19.41       1314.3       957.0
  265    265  20185      23.07       1907.6      1343.4
  266    266  20186       2.62       1020.0       650.7
  267    267  20200       0.79        928.3       524.2
  268    268  20434       5.64       3057.8      2166.2
  269    269  20435       2.62        598.6       437.4
  270    270  20488       0.05       2370.1      1559.5
  271    271  20489       1.60       1807.8       672.2
  272    272  20492       0.13        461.3       318.3
  273    273  20493       0.40        197.6       136.1
  274    274  20494       4.74        637.5       466.3
  275    275  20495      11.35       1214.5       871.0
  276    276  20496       0.05        464.8       310.6
  277    277  20498      33.97       2483.2      1732.0
  278    278  20500       3.41       1526.8       807.3
  279    279  20504      31.01       1562.4      1135.3
  280    280  20505       0.58        255.8       182.8
  281    281  20512      19.41        442.2       249.3
  282    282  20513       2.26        207.9       126.8
  283    283  20537      10.86       2470.1      1666.1
  284    284  20538       8.95       1737.2      1069.6
  285    285  20540      11.35       2282.7      1275.8
  286    286  20541       0.79        810.0       495.8
  287    287  20543       0.58        594.5       405.1
  288    288  20544       5.22        857.6       617.9
  289    289  20545       1.92       1781.7       707.2
  290    290  20547       3.01        409.5       292.0
  291    291  20550       0.79       1284.7       563.1
  292    292  20554       0.40        336.2       248.1
  293    293  20556       2.70        537.1       393.7
  294    294  20558      20.86        445.2       247.1
  295    295  20561      12.61        560.9       373.2
  296    296  20562       0.79        597.6       414.6
  297    297  20564       3.84       1573.9       838.3
  298    298  20566       1.60       1301.3       651.7
  299    299  20813       0.06       1266.9       393.4
  300    300  20816      21.88       3316.2      1802.0
  301    301  20876       5.51       7237.2      3228.0
  302    302  20878      26.48       1462.0      1063.4
  303    303  20881       0.13        157.0       106.7
  304    304  20883       4.28        592.0       432.7
  305    305  20884       0.13        277.2       205.3
  306    306  20885      11.35       2933.2      1356.3
  307    307  20886      44.91       3493.1      2311.1
  308    308  20888      16.60        435.7       252.9
  309    309  20893       0.01        566.1       326.3
  310    310  20905       4.08        329.4       173.2
  311    311  20909      11.97       1608.0      1083.1
  312    312  21263       0.17       2265.7      1542.5
  313    313  21266       0.05       1090.3       390.2
  314    314  21267       0.02        714.1       361.4
  315    315  21271      62.11      12854.4      3543.9
  316    316  21562       2.89        606.4       412.0
  317    317  21563       0.04        787.4       379.5
  318    318  21565      15.92       2634.4      1492.5
  319    319  21569       0.01        107.8        70.6
  320    320  21570      10.73       1409.0       973.4
  321    321  21584       0.40         37.5        10.1
  322    322  21597       9.94       2563.2      1686.0
  323    323  21601      42.21       9255.6      2780.8
  324    324  21605      26.09       1795.5      1292.3
  325    325  21609       0.05        318.1       233.6
  326    326  22016      10.39        685.3       426.2
  327    327  22017       3.41       1458.0       796.4
  328    328  22018      32.36       1001.6       677.4
  329    329  22268       6.47        318.0       194.8
  330    330  22270       9.06       1656.9      1047.2
  331    331  22271       2.26        908.5       597.4
  332    332  22626       1.03       1005.5       560.4
  333    333  22627       1.30        570.2       410.2
  334    334  22628       1.60        276.2       189.7
  335    335  22629       1.92        338.1       239.6
  336    336  22630       2.26        557.5       408.1
  337    337  22631       2.62        845.8       579.8
  338    338  22632       3.01        687.6       497.6
  339    339  22633       3.41        293.4       190.9
  340    340  22634       3.84       1021.9       685.9
  341    341  22635       4.28        892.7       630.2
  342    342  22636       4.74        270.1       164.0
  343    343  22637       5.22       1924.9       959.3
  344    344  22638       5.71       1488.1       900.9
  345    345  22639       6.21       1374.3       880.1
  346    346  22640       6.73       1646.1       977.4
  347    347  22679       1.32       3749.9      2227.9
  348    348  22684       3.84        718.1       521.9
  349    349  22691       3.76       5225.0      2820.5
  350    350  22698       0.95       1547.3      1122.5
  351    351  22699       4.28        398.2       274.9
  352    352  22703      31.57       4389.8      2264.2
  353    353  22705      31.57       2500.4      1720.5
  354    354  22706      11.97       1239.6       889.3
  355    355  22707      30.77       7252.7      2307.2
  356    356  22715       2.76       3667.2      2340.4
  357    357  22723      18.70        805.5       558.0
  358    358  22724       1.92        525.0       384.9
  359    359  22727       1.92        158.1        89.1
  360    360  22757       0.25       1784.7      1285.0
  361    361  22758      33.97       3371.6      2103.1
  362    362  22772       0.38       2390.1      1629.4
  363    363  22996       4.43       2805.0      1998.3
  364    364  23045      38.05       2341.1      1674.3
  365    365  23046       3.84        403.9       282.5
  366    366  23049       6.21        279.5       164.4
  367    367  23059      33.17       8625.7      2374.7
  368    368  23067       5.81       1623.8      1155.2
  369    369  23070       1.92       1167.0       655.5
  370    370  23071      26.09       1863.0      1334.0
  371    371  23074       5.22       1091.2       743.8
  372    372  23081       5.81        123.8        34.9
  373    373  23083       6.21        937.3       672.9
  374    374  23084      11.97       3106.8      1396.9
  375    375  23085       1.92       1104.0       642.2
  376    376  23086      38.05       9299.2      2583.9
  377    377  23087       0.01        851.1       354.9
  378    378  23112       0.25        857.7       575.4
  379    379  23116       1.92        542.4       396.8
  380    380  23117       0.01        380.7       264.2
  381    381  23119      18.70        729.8       493.2
  382    382  23379       0.01       1305.9       344.8
  383    383  23425       3.01       1219.6       725.8
  384    384  23436       0.09        534.8       389.4
  385    385  23437       0.58        604.8       436.9
  386    386  23441       8.95       1173.4       831.0
  387    387  23445       0.01        561.6       325.3
  388    388  23456       0.34        193.2       100.8
  389    389  23460       2.61       1530.6      1047.5
  390    390  23475      11.97         37.5         7.6
  391    391  23480       0.58        660.2       432.3
  392    392  23488       1.92        311.1       216.6
  393    393  23493       0.09        969.8       662.6
  394    394  23494      26.29       4630.5      2790.3
  395    395  23502       2.61        736.2       523.9
  396    396  23514       1.43       2941.6      1231.7
  397    397  23515       5.22       2231.0       981.8
  398    398  23760       1.90       2756.2      1904.7
  399    399  23761       2.62        397.0       284.0
  400    400  23764       0.58        144.0        88.4
  401    401  23765       3.97        612.9       448.8
  402    402  23850      32.52        337.6       138.4
  403    403  23855       8.95        392.2       246.0
  404    404  23860       3.84        219.4       127.0
  405    405  24137       3.41       1313.2       901.5
  406    406  24138      13.45       4010.7      1492.1
  407    407  24146       1.42        146.3        83.1
  408    408  24148      15.37       2947.9      1527.0
  409    409  24178       3.62       2178.7      1333.9
  410    410  24506       5.36         63.2        19.5
  411    411  24507       0.62        260.6       186.2
  412    412  24522      24.80       1911.7      1356.5
  413    413  24554       0.33       1939.2      1384.3
  414    414  24557       0.08        387.3       276.5
  415    415  24559       9.06       1963.1      1131.8
  416    416  24561      22.40       2815.1      1704.5
  417    417  24562       0.16         41.3        18.0
  418    418  24564       0.62        304.6       222.4
  419    419  24565       0.01        535.7       321.1
  420    420  24567      18.77       2247.7      1449.7
  421    421  24569      22.48        855.3       586.8
  422    422  24570       1.06        695.1       468.8
  423    423  24574       3.97       3459.9       860.4
  424    424  24575       9.01       1396.3       944.4
  425    425  24578       0.01        676.0       346.5
  426    426  24587       0.05       3897.4      1903.1
  427    427  24603       1.33        379.6       277.4
  428    428  24849       8.60       1289.5       888.4
  429    429  24854       2.05       1523.6       710.6
  430    430  24863       0.56       1939.5      1393.9
  431    431  24887       0.28       2325.0      1586.9
  432    432  24905       9.43       1457.6       963.0
  433    433  24908       0.15        991.3       430.7
  434    434  24909       1.39        800.7       524.7
  435    435  24914       0.06        118.6        76.5
  436    436  24944       0.16       1103.7       730.3
  437    437  25271      12.45       2441.7      1759.4
  438    438  25272       0.04        587.2       346.6
  439    439  25330       0.16        459.8       319.8
  440    440  25589      18.91       2085.4      1388.2
  441    441  25591      18.13       1557.2      1112.6
  442    442  25593       2.02        143.1        77.1
  443    443  25626      46.61       1936.2      1403.8
  444    444  25627       5.36        434.7       299.8
  445    445  25629       0.01        203.0       149.6
  446    446  25630       6.37       1933.4      1019.1
  447    447  25633      14.04       1624.5      1117.2
  448    448  25635       9.41        336.7       197.7
  449    449  25683       1.17       1273.9       607.6
  450    450  25953       0.48       2128.3      1501.8
  451    451  25954       0.29         67.4        32.7
  452    452  25959       0.05       1668.0       827.4
  453    453  25962       1.63        356.7       256.9
  454    454  25963       8.15        890.1       648.9
  455    455  25967      14.04       2015.3      1277.9
  456    456  25972       7.00       1144.4       795.8
  457    457  25981       0.12       1796.9      1285.2
  458    458  25985       1.39        652.8       457.8
  459    459  25990       0.29        232.2       167.1
  460    460  25997       0.41        586.9       341.2
  461    461  26022       8.21       1242.0       859.8
  462    462  26023       1.42       1072.3       603.2
  463    463  26024       0.19        715.5       410.5
  464    464  26028       2.37        251.4       162.6
  465    465  26030       0.39       1898.5       969.4
  466    466  26052       0.02       1083.3       371.9
  467    467  26054       3.54       1182.4       736.7
  468    468  26332       6.26         62.8        18.6
  469    469  26339       0.09        633.0       463.2
  470    470  26655       0.69       1200.5       850.7
  471    471  26728       0.04        697.1       451.8
  472    472  26735       2.49       6233.7      2744.5
  473    473  26738       0.01        278.1       205.4
  474    474  26749       1.22         68.0        28.0
  475    475  26766      24.19       2429.7      1605.3
  476    476  26769      15.58       2355.3      1416.8
  477    477  26772      16.95        445.3       259.6
  478    478  26781      65.22       1936.2      1366.8
  479    479  27041       2.23       3243.2      2144.1
  480    480  27042       0.05         99.0        61.0
  481    481  27044       0.05        359.2       258.7
  482    482  27045       3.84        619.5       453.7
  483    483  27047       1.30       3930.1       553.8
  484    484  27048       9.53        373.7       227.9
  485    485  27049       0.58         74.9        35.3
  486    486  27051      20.13       1568.6      1128.5
  487    487  27062       4.74       2429.2       953.6
  488    488  27064       3.41       1410.8       787.8
  489    489  27065       0.05        331.3       242.0
  490    490  27067      11.97       1133.4       821.9
  491    491  27072      15.24        185.6        69.7
  492    492  27073       3.01       1407.9       765.2
  493    493  27074       4.28        840.8       600.7
  494    494  27075       0.05        527.3       333.2
  495    495  27077       0.25        168.5       113.9
  496    496  27084       3.01       1032.2       668.1
  497    497  27085      11.97       1469.4      1017.6
  498    498  27086       5.71        870.0       628.3
  499    499  27089       5.22       3359.6       971.2
  500    500  27096       0.72       1789.3      1010.0
  501    501  27097       6.73         60.5        17.5
  502    502  27099      10.73       4045.9      1333.5
  503    503  27109      59.25       1878.3      1239.2
  504    504  27112       0.79        618.0       424.4
  505    505  27117       1.23       1732.5      1052.1
  506    506  27135      24.57       3431.3      1902.2
  507    507  27137       0.58        351.2       258.9
  508    508  27138      20.13        554.6       339.1
  509    509  27139       0.05        180.0       129.0
  510    510  27140      20.13       3268.2      1738.5
  511    511  27143       0.25        300.1       221.7
  512    512  27412      15.92       1186.8       864.4
  513    513  27413      45.59       1708.6      1227.4
  514    514  27414       6.73       1495.4       934.5
  515    515  27435       0.04       2812.7       835.4
  516    516  27437       1.60        776.9       522.4
  517    517  27441       0.04       1562.8       812.4
  518    518  27444       2.62        896.3       602.9
  519    519  27453       7.27        354.2       221.7
  520    520  27455       0.13        474.3       324.3
  521    521  27456       0.13        236.9       173.7
  522    522  27459      15.24        999.0       725.4
  523    523  27460       2.26        726.7       512.8
  524    524  27461      11.97       1347.6       952.8
  525    525  27466       9.53       1468.3       984.5
  526    526  27470       1.30        737.1       495.6
  527    527  27478       0.16         42.5        12.9
  528    528  27482      26.09       1298.7       940.0
  529    529  27485       0.13       1021.9       425.1
  530    530  27508       5.45       4166.7      1724.0
  531    531  27511       2.26       1405.8       716.2
  532    532  27802       8.19       2575.4      1642.6
  533    533  27804       4.28        600.6       439.2
  534    534  27805      26.09       1673.1      1212.7
  535    535  27807       7.82       1362.7       909.8
  536    536  27811       0.25        146.1        94.9
  537    537  27815      23.07       1827.8      1298.4
  538    538  27819       1.03        583.4       413.3
  539    539  27827      51.72       8507.7      4311.9
  540    540  27846       9.49       2016.9      1419.6
  541    541  27847       1.03        370.8       271.9
  542    542  27848       1.03       2314.1       579.7
  543    543  27851       3.84       2627.2       879.4
  544    544  27852       2.26        667.5       479.3
  545    545  27853       0.01        439.2       289.3
  546    546  27861       1.23       3673.5      1192.1
  547    547  28029       6.96       1214.0       882.0
  548    548  28052       0.34       1714.9       930.8
  549    549  28078      10.66        585.8       247.7
  550    550  28091       0.02       2720.8      1659.9
  551    551  28093       0.58        260.1       186.3
  552    552  28094       8.38        831.3       606.9
  553    553  28125       0.01       6148.5      1842.9
  554    554  28128       8.38       1796.7      1069.4
  555    555  28151       5.09       2912.4      1588.2
  556    556  28178      24.57       1145.8       821.3
  557    557  28180       0.01        657.5       341.6
  558    558  28187       4.08       1861.0      1240.2
  559    559  28188      11.97        576.0       389.2
  560    560  28189      17.29       2356.6      1457.5
  561    561  28193      23.82       1044.8       741.2
  562    562  28195       5.22       1586.8       906.5
  563    563  28215      21.94       8777.8      4646.8
  564    564  28219      32.36       1356.6       973.2
  565    565  28472       3.55        995.4       628.2
  566    566  28474      49.00       3929.6      2536.2
  567    567  28475       3.41        598.0       438.0
  568    568  28531       0.88       2701.0      1126.7
  569    569  28532       3.41       2141.6       847.9
  570    570  28533       5.22        955.9       675.3
  571    571  28534      17.99       1824.3      1257.5
  572    572  28547       4.33        559.5       407.5
  573    573  28548       0.79        339.8       249.2
  574    574  28552       0.58        724.3       454.5
  575    575  28556       0.01        574.8       330.1
  576    576  28602       0.74       2183.3      1546.8
  577    577  28604      44.06        813.8       480.7
  578    578  28607       2.70       2150.5       784.5
  579    579  28610      24.57       3088.5      1827.4
  580    580  28611       0.58        401.4       295.1
  581    581  28613      10.79       1583.6      1054.2
  582    582  28614      21.74       2546.3      1608.5
  583    583  28870       2.06        589.4       313.5
  584    584  28925       0.13        390.2       281.0
  585    585  28926       5.22        202.4       107.9
  586    586  28930       0.02        764.2       366.1
  587    587  28974       3.01       2009.6       812.2
  588    588  28978       2.44        245.1       156.6
  589    589  29224      16.50       2903.0      2103.2
  590    590  29234       4.51       3890.6      1628.1
  591    591  29235       0.79        587.5       409.5
  592    592  29263       0.37         54.3        16.2
  593    593  29264       0.17        486.6       333.4
  594    594  29267      26.17       1569.5      1141.4
  595    595  29268      35.03       3067.3      2011.3
  596    596  29269      24.72        447.0       238.7
  597    597  29270       5.22        841.7       607.9
  598    598  29271       2.62        524.7       384.6
  599    599  29272      24.57       2768.3      1735.2
  600    600  29273      13.25       1777.9      1175.0
  601    601  29274       3.84       1437.4       814.2
  602    602  29276       0.01         42.6        20.7
  603    603  29278       0.79        949.9       528.3
  604    604  29280       1.36        348.1       251.8
  605    605  29281       0.40        195.1       133.9
  606    606  29282       0.66        930.7       511.6
  607    607  29284       2.26        520.7       382.0
  608    608  29285       0.58        198.4       134.1
  609    609  29295       2.26       1914.9       742.7
  610    610  29346       6.06         55.7        16.3
  611    611  29625       0.30        300.5       221.7
  612    612  29660      10.86       2415.2      1641.3
  613    613  29661      11.35       1524.5      1036.3
  614    614  29662      43.30        443.9       193.0
  615    615  29664       3.93        871.7       614.5
  616    616  29668       8.95       2070.1      1149.4
  617    617  29669      55.06       3264.7      2292.0
  618    618  29670      10.92       1070.3       777.2
  619    619  29671       0.03         50.6        25.0
  620    620  29673       0.01        377.0       262.4
  621    621  29675       0.15        135.2        88.0
  622    622  29676       0.02        133.7        91.1
  623    623  29677       0.14         56.5        27.0
  624    624  29678      23.82       4172.4      1972.2
  625    625  29679       0.89        356.2       261.3
  626    626  29978      23.22       1624.5      1173.8
  627    627  29980       0.01        260.2       193.2
  628    628  29981       0.40        557.1       379.3
  629    629  29982       5.96        649.2       472.8
  630    630  30000       0.72       1947.9      1038.0
  631    631  30009       3.84        827.2       588.5
  632    632  30056       1.39        930.9       606.7
  633    633  30059       2.26        239.4       153.2
  634    634  30060       3.84         77.2        27.3
  635    635  30316      17.48       1488.4      1066.8
  636    636  30353       0.35        226.7       161.4
  637    637  30394       0.25       1112.4       790.1
  638    638  30398       7.93        211.1       104.2
  639    639  30402       4.83       2432.5       960.5
  640    640  30403       0.06        479.5       318.7
  641    641  30743      33.17       2872.1      1907.5
  642    642  30747       3.84        655.9       479.5
  643    643  30749       0.13        194.2       138.4
  644    644  30751       0.40        507.8       355.6
  645    645  30756      15.49       2927.2      1953.4
  646    646  30757       3.84        770.6       555.0
  647    647  30758       0.79       1342.3       565.0
  648    648  30759       0.05        363.5       261.3
  649    649  30767       1.30        811.3       525.0
  650    650  30770      15.24        974.0       706.4
  651    651  30776       0.64       2026.1      1449.9
  652    652  30778       0.01        219.9       163.3
  653    653  30779       0.79       1338.2       564.9
  654    654  30783       0.40        197.6       136.1
  655    655  30788      22.04       1297.3       888.5
  656    656  30789       6.84        502.2       349.5
  657    657  30791      29.35        830.1       540.9
  658    658  30792       2.37        477.6       349.5
  659    659  30793       3.41        777.6       555.6
  660    660  30795       4.01       4325.5       826.9
  661    661  31058      26.09       2259.9      1551.7
  662    662  31059       2.74       2470.6       781.3
  663    663  31062       0.45        465.7       334.2
  664    664  31066       5.76       1216.1       808.9
  665    665  31067       1.92       1465.2       694.6
  666    666  31068      39.96       2643.7      1858.8
  667    667  31069       6.37       1003.1       712.6
  668    668  31081       0.04       1194.1       735.6
  669    669  31082      11.97        603.6       412.3
  670    670  31084       1.03        927.2       543.8
  671    671  31091      14.29       3174.4      2023.5
  672    672  31092       0.58        408.8       300.1
  673    673  31093       0.13        383.4       276.9
  674    674  31095      15.92       2185.2      1373.7
  675    675  31096      13.25       2012.8      1260.2
  676    676  31097      42.21       4550.4      2586.1
  677    677  31098       0.13        922.7       421.2
  678    678  31099       1.03        483.2       352.9
  679    679  31110       0.79       1040.6       542.7
  680    680  31122       2.61        733.8       522.1
  681    681  31125      17.29       2467.4      1489.5
  682    682  31126      16.60         84.6        21.4
  683    683  31127       0.58       1093.1       521.5
  684    684  31128       1.92        205.8       127.5
  685    685  31130      11.97        501.6       325.2
  686    686  31132       0.79        840.7       504.2
  687    687  31133       7.27       5921.3      1021.7
  688    688  31134       8.95        173.8        74.1
  689    689  31138       0.13        468.2       321.5
  690    690  31140      56.21       1370.6       818.7
  691    691  31145       2.26        462.1       338.1
  692    692  31147       0.05        184.1       132.5
  693    693  31149       0.79       1369.0       565.7
  694    694  31150       0.13        580.3       364.8
  695    695  31151       6.21       1842.8       997.9
  696    696  31153       0.01        938.0       355.6
  697    697  31162       2.61       1938.6      1207.4
  698    698  31165      33.97       2929.5      1941.5
  699    699  31167      13.25       1209.6       875.4
  700    700  31168       1.92       2082.9       704.7
  701    701  31169      11.97       1606.2      1082.2
  702    702  31170       0.13        925.0       421.4
  703    703  31204      20.20       8466.5      4504.5
  704    704  31407       0.13        872.3       417.8
  705    705  31427       0.17       2940.9       912.3
  706    706  31445       1.92        559.8       408.6
  707    707  31448      13.25        356.6       200.3
  708    708  31450       0.01        297.3       217.9
  709    709  31469       0.34       1414.6       863.8
  710    710  31470       0.40         54.8        24.0
  711    711  31474      18.70       3823.5      1741.7
  712    712  31476       0.13        160.4       109.8
  713    713  31477       0.08        233.8       172.3
  714    714  31478       0.14        500.8       336.8
  715    715  31479      31.57       4366.7      2261.1
  716    716  31481       0.01        260.5       193.4
  717    717  31483       0.25        310.8       229.9
  718    718  31485      12.29       2742.7      1812.3
  719    719  31488       1.03        759.4       493.6
  720    720  31492       2.11        821.4       596.1
  721    721  31493       8.95       1553.5      1008.0
  722    722  31497       5.31        172.2        83.8
  723    723  31499      15.24       1030.7       749.7
  724    724  31500      29.20       1368.0       989.0
  725    725  31501      17.29       1404.7      1014.4
  726    726  31502       6.89        931.5       673.1
  727    727  31505       0.66        425.0       311.6
  728    728  31507       0.64        671.3       440.0
  729    729  31510       8.49        405.3       259.1
  730    730  31518       6.37        695.4       507.7
  731    731  31523       0.13        624.8       377.7
  732    732  31527       5.81       2025.8      1359.6
  733    733  31529       0.13        131.0        84.8
  734    734  31532      62.11       5653.2      3283.0
  735    735  31533      18.06        840.3       589.5
  736    736  31538       0.13         75.6        40.7
  737    737  31566      36.20       2562.7      1861.3
  738    738  31688       0.05        297.8       129.8
  739    739  31740       4.08       1703.0      1168.8
  740    740  31741       0.58        314.1       230.4
  741    741  31748       0.46       2164.1      1520.8
  742    742  31777       0.84       2218.0      1570.8
  743    743  31786       2.95       2117.8      1538.2
  744    744  31787       3.84        430.5       304.9
  745    745  31820      27.64       1620.1      1178.0
  746    746  31839       2.09       1279.2       686.4
  747    747  31856      12.38       4386.7      2996.5
  748    748  31858       2.44        427.3       309.8
  749    749  31860       7.82       1206.8       837.4
  750    750  31863       0.05        585.1       349.8
  751    751  31866      45.30         88.7        13.9
  752    752  31867      11.97       2434.2      1325.3
  753    753  31868       6.89       1700.5       996.3
  754    754  31901       5.85        168.3        55.8
  755    755  32155       1.23       1413.7       941.5
  756    756  32192       0.04       1033.9       680.5
  757    757  32203      16.26        603.3       394.5
  758    758  32216       7.87       1711.9      1031.3
  759    759  32218      28.41       4979.2      2202.3
  760    760  32227       0.05         38.5        17.5
  761    761  32235       4.82       2844.0      1558.2
  762    762  32248       1.25       2990.2      1202.6
  763    763  32251       7.38        805.6       588.5
  764    764  32254       0.29        263.9       193.1
  765    765  32255      10.73       3096.2      1333.8
  766    766  32256       1.60        404.7       295.8
  767    767  32258       1.92        478.5       351.3
  768    768  32533       0.02       2593.6      1621.1
  769    769  32535       0.05        245.0       181.6
  770    770  32536       3.84       1723.9       857.5
  771    771  32551       0.01       2334.1      1517.3
  772    772  32586       0.72       3131.3      1092.2
  773    773  32588       0.25         81.3        43.2
  774    774  32589      19.41        996.8       714.7
  775    775  32592       0.68        777.5       478.4
  776    776  32593       1.45        594.7       426.7
  777    777  32596       1.60        255.4       171.9
  778    778  32600       0.58       2031.3      1024.1
  779    779  32602      11.97       1935.0      1206.2
  780    780  32603       0.25        671.0       407.2
  781    781  32605       0.01        124.2        84.2
  782    782  32606       0.48        408.7       299.5
  783    783  32607       2.62       1065.2       665.6
  784    784  32609       0.48       1520.5       511.6
  785    785  32611       0.01        141.1        98.6
  786    786  32626       4.75       1637.0      1147.8
  787    787  32628      59.45       7624.5      3478.3
  788    788  32631       0.48        453.9       328.1
  789    789  32632       0.01        256.6       190.6
  790    790  32633       0.01        704.7       346.9
  791    791  32640       0.01         73.1        42.8
  792    792  32658      10.62        121.8        29.8
  793    793  32659       0.52        411.2       301.4
  794    794  32865       0.04        538.9       393.8
  795    795  32868       3.84        909.0       632.8
  796    796  32869       0.40        566.6       383.5
  797    797  32874      25.33       1507.2      1096.8
  798    798  32879       7.27        599.0       428.6
  799    799  32935       5.38        790.6       548.0
  800    800  32936       3.17        269.6       172.4
  801    801  32937       1.48        309.1       218.6
  802    802  32966       8.72       1161.5       822.4
  803    803  32967       0.01         58.6        31.2
  804    804  32968      10.13       3378.8      1305.7
  805    805  32969       3.84        375.8       258.4
  806    806  32970       1.92        152.4        84.8
  807    807  32971       0.98         65.5        27.4
  808    808  32992       5.81       1474.5      1063.4
  809    809  32994       0.03        261.3       194.0
  810    810  33259       0.03       2197.2      1479.5
  811    811  33260       0.36        550.6       374.6
  812    812  33262      22.77       1799.8      1280.7
  813    813  33322       0.12       4090.0      1979.4
  814    814  33326      25.18       9016.7      1952.6
  815    815  33327      12.74        221.2        97.8
  816    816  33331       1.85        666.8       473.6
  817    817  33344       0.30       2201.2       967.9
  818    818  33348       4.55        739.3       538.5
  819    819  33359       7.38       3136.1      1136.0
  820    820  33364       6.42       1510.3       930.0
  821    821  33629      33.97       4822.6      2393.4
  822    822  33633      17.57        886.5       629.5
  823    823  33641       0.40        368.5       169.5
  824    824  33644       0.08        187.1       134.0
  825    825  33645       3.84        337.5       225.8
  826    826  33650      29.20       1189.4       844.6
  827    827  33651       0.27        327.5       242.0
  828    828  33653       0.33        260.1       189.4
  829    829  33655      12.10       1807.2      1165.6
  830    830  33659       3.75       1484.3       818.9
  831    831  33660      13.38       1078.6       785.9
  832    832  33665      20.13       1505.4      1088.0
  833    833  33681       0.25       1783.5       443.5
  834    834  33691       0.02        685.5       355.4
  835    835  33696       5.81        996.8       716.1
  836    836  33697      19.70        449.5       254.4
  837    837  34026      10.30        473.3       253.8
  838    838  34027       5.91       4395.9       982.9
  839    839  34030      10.73       1400.5       969.0
  840    840  34032       3.25        316.5       211.8
  841    841  34033       4.65        643.6       470.8
  842    842  34054       6.98       2997.3      2148.5
  843    843  34057       0.11        234.2       171.8
  844    844  34087       2.35        459.8       292.8
  845    845  34091       9.53       2228.0      1199.4
  846    846  34092      23.07        667.0       423.4
  847    847  34339       0.06       3954.8      1919.6
  848    848  34341       0.58        320.6       235.5
  849    849  34353       0.17        441.8       311.4
  850    850  34379       0.01        411.6       293.6
  851    851  34383       0.16        416.1       290.0
  852    852  34386       0.47        254.2       182.9
  853    853  34405       0.16        744.5       540.8
  854    854  34407       0.79        249.1       174.5
  855    855  34418       0.02        434.3       311.9
  856    856  34433       0.01       1165.5       708.0
  857    857  34441       0.04       1173.3       848.5
  858    858  34443       0.03        314.8       230.6
  859    859  34445       2.70        651.7       472.9
  860    860  34700      45.08       2705.9      1921.6
  861    861  34704       4.93       3687.5       934.1
  862    862  34712       2.50       4003.9      2426.6
  863    863  34744       6.42        794.8       580.1
  864    864  34749       2.48       1350.8       723.4
  865    865  34751       0.70        295.3       214.0
  866    866  34756       0.54        393.6       289.5
  867    867  34758       4.75       4099.6      1655.8
  868    868  34759      38.38       2587.7      1818.5
  869    869  34771       0.58        557.1       398.5
  870    870  34774       1.25        853.6       536.7
  871    871  34777       1.92       1439.1       692.5
  872    872  34779       0.19        377.2       275.1
  873    873  34780       4.74        984.2       684.4
  874    874  34783      11.10       1404.1       975.0
  875    875  34786      17.57        808.8       564.6
  876    876  34791       2.55       1286.1       716.9
  877    877  34794       0.72        472.9       325.4
  878    878  34795      25.64       1327.6       962.8
  879    879  34796       7.38        966.5       697.4
  880    880  34799      21.59       1231.2       894.5
  881    881  34800       0.62         42.2        16.5
  882    882  34803       0.19         65.6        32.4
  883    883  34805       1.25        295.0       208.8
  884    884  34809       0.09        540.0       393.7
  885    885  35005       0.84        946.0       531.9
  886    886  35027       0.02       1961.0      1360.5
  887    887  35075       9.31        574.9       339.8
  888    888  35078       1.03        412.9       303.9
  889    889  35084      12.78       2013.7      1444.8
  890    890  35085       1.42        383.9       280.2
  891    891  35086      28.73        829.3       541.9
  892    892  35088       0.05        171.8       122.0
  893    893  35097      40.21        840.4       514.3
  894    894  35098       0.15        250.9       184.6
  895    895  35118      11.33       3692.1      2059.4
  896    896  35124      14.81       2758.4      1867.2
  897    897  35127      49.86       3146.6      2194.9
  898    898  35151       2.61       1279.8       913.7
  899    899  35152       0.79       1977.1       554.2
  900    900  35155       0.11        105.0        64.1
  901    901  35189       0.16        109.2        43.8
  902    902  35190       0.13        358.4       261.6
  903    903  35458      14.30       1820.1      1208.9
  904    904  35509      17.30       6612.5      3974.5
  905    905  35510      14.84       8572.8      1402.4
  906    906  35511       0.43        435.8       316.1
  907    907  35512      11.85        718.8       510.2
  908    908  35514       1.03        143.1        83.4
  909    909  35516       3.58       1469.9       807.5
  910    910  35518      29.20       1053.1       731.1
  911    911  35536       1.03        238.9       163.3
  912    912  35538       1.92       1116.9       645.1
  913    913  35799       1.87       2319.9      1237.3
  914    914  35800       0.79       1267.0       562.3
  915    915  35816       0.04       1239.5       748.5
  916    916  35826       1.98        856.6       568.0
  917    917  35844       0.04       1162.4       839.7
  918    918  35864       6.26        162.1        51.7
  919    919  35865       5.41        455.0       317.0
  920    920  35875      23.71       7943.4      3023.1
  921    921  35879      11.35        826.6       598.7
  922    922  35887      13.91       1711.8      1156.4
  923    923  35898       0.30        811.2       446.0
  924    924  35899       2.33        100.2        43.9
  925    925  35900       6.01        669.5       488.4
  926    926  35902       7.82        990.5       714.7
  927    927  36171       2.40       1342.0       938.9
  928    928  36174       3.01        404.7       287.8
  929    929  36182       0.02       2265.0      1502.8
  930    930  36183      16.19       1245.8       905.7
  931    931  36184       0.27        547.5       367.5
  932    932  36185       0.54        969.5       503.3
  933    933  36211       0.05         83.0        48.4
  934    934  36214       0.45        364.5       238.1
  935    935  36218       0.04        486.6       316.7
  936    936  36224       0.09         62.6        20.5
  937    937  36225      10.73       1480.3      1007.6
  938    938  36228       0.04        212.7       156.5
  939    939  36232       7.12       5039.9      1882.7
  940    940  36234       0.43        181.3       121.6
  941    941  36235       8.49        955.7       694.5
  942    942  36237      28.10       1739.0      1260.3
  943    943  36239       0.04        228.9       169.3
  944    944  36291       2.12       1433.1       708.5
  945    945  36295       2.61       5554.8      1354.7
  946    946  36517       4.75       9342.8      3136.5
  947    947  36530       1.03        620.7       433.0
  948    948  36534       5.91       1347.7       862.8
  949    949  36536       0.05        742.7       377.8
  950    950  36575       0.47        355.5       262.3
  951    951  36579      26.86       3900.6      2048.6
  952    952  36581       0.40        260.0       188.4
  953    953  36599       0.07       1573.1       828.6
  954    954  36600       0.02       1106.7       367.6
  955    955  36616       0.05        492.0       321.1
  956    956  36629       0.50         51.5        21.5
  957    957  36630      20.86        772.7       522.3
  958    958  36634       0.40        516.0       359.8
  959    959  36636       0.27        482.0       342.1
  960    960  36638       1.30        928.0       561.9
 ------------------------------------------------------------
 Cell number ...............................     1
 Area (ha)..................................  285.000
 Soil density (-)...........................    2.650
 Sedimentation velocity (m/s)...............    0.100
 Drainage length w0 (m).....................  6265.00
 Slope length L0 (m)........................   227.45
 Soil erodibility (ton.h/MJ/mm).............    0.032
 Land-use factor CP (-).....................   0.0116
 Average slope S0 (-) ......................   0.0660
 Slope factor S (-).........................    0.741
 Slope length factor L (-)..................    2.851
 Vegetation parameter Kv ...................   28.527
 Number of rainfall station ................     1
 -----------------------------------------------------------------
  Total gross erosion (kg) in this cell ....0.1600E+09
  Total sediment yield (kg) ................0.1241E+09
  Global sediment delivery ratio ...........0.776
 -----------------------------------------------------------------
  Watershed gross erosion (kg) .............0.1600E+09
  Watershed sediment yield (kg) ............0.1241E+09
  Watershed average delivery ratio .........0.776

  Program concluded successfully.
